%% Задание 6. Векторы v1, v2 и матрица A (размер 2x3)
N = 6;
v1 = [N 2*N 3*N]               % [6 12 18]
v2 = [4*N 5*N 6*N]             % [24 30 36]
A  = [N 2*N 3*N; 3*N 2*N N]    % [6 12 18; 18 12 6]
v  = [v1 v2]                   % объединение: [6 12 18 24 30 36]